eval_00169 28 0.011234788964758102 0.04105140021547803 0.018743935634231674 0.018618166034241955 0.012213202975654197 0.021185670534214083 0.017452417072863838 0.01810860340957942 0.04067827587152136 0.045137089880316894 0.030924049657452376 0.014262831706100411 0.029560485336793833 0.06363136545731529 0.03283325764242023 0.030742922751916413 0.02366453145239436 0.028727349493186123 0.012820480489384898 0.038371901568582736 0.02102871006835876 0.032854275596738175 0.025502366273423373 0.029920482134475273 0.06427720280887601 0.016827238758542473 0.02271433337431408 0.09213982627402689 0.019113501075708677 0.0877024436148554 0.037956893872274564
eval_00299 1 0.2498003833835262 0.024503152170192884 0.013050372822787133 0.018424351404266362 0.08160668466571515 0.03114150077331594 0.010273976283685413 0.03895907751051066 0.0230924768719242 0.02500951037421258 0.03045640858948419 0.032071496367586924 0.037568453281358924 0.04257241845125812 0.01599833469317455 0.013861829988648721 0.01665012972813619 0.014704403195684501 0.0229221023746281 0.01886351479328535 0.014778821015007413 0.01966073843749809 0.023857223145489163 0.014806362245485512 0.011204144634783381 0.014423051452622796 0.027579367940411187 0.042132947804657137 0.030448784515151255 0.02119884631540388 0.018379134770107844
eval_00294 30 0.007595468184229343 0.02234207899904953 0.019805532821936606 0.010003547601256914 0.025366425945991613 0.02152525268759122 0.010584775114713082 0.018332285644831 0.0310491747534304 0.021310047189149472 0.03859621809296454 0.010862702105548737 0.020896788896244547 0.0490580967032004 0.016851600203268768 0.01512470950460979 0.02473011511943648 0.020583890749671263 0.01360755649976462 0.028513915623247867 0.010103524527635748 0.013975671100497172 0.017017588976711844 0.011066558773655314 0.013629999448265118 0.01817234925703327 0.018502899314134808 0.094454893139278 0.024088483076627632 0.33047722855798084 0.021770621388044142
eval_00247 28 0.013536487404398893 0.08341302070817147 0.013739193133305386 0.022762928844226656 0.02271498963934567 0.025677379880107296 0.016586643986536986 0.04202380572532271 0.030373862485439627 0.023630677668086787 0.039471353348166045 0.023403227446371088 0.04923619641054136 0.05083781891518987 0.012260337743091937 0.01583164991314674 0.025391447767671885 0.021922329971623723 0.02357483816742837 0.029121591067935923 0.03373064718927335 0.08261124582719903 0.032083632477770165 0.03462378261213725 0.014061159844319264 0.021064071658049844 0.030354297183905005 0.09677122378868269 0.027352455412928908 0.018791660029509792 0.023046043750116797
eval_00033 28 0.02959855294256399 0.05918345235650432 0.018827062308481007 0.013209743705676404 0.019100808180499917 0.054830480889206924 0.011066238032589324 0.056020565703641285 0.044022592958412356 0.022300657278913574 0.07707601182163132 0.029545874807207464 0.026690833266179326 0.0595961106131185 0.020965166456810274 0.014945872493333318 0.018281961339725223 0.03596417515629315 0.020662064605610445 0.025129246599681354 0.012657494606968776 0.04809664598188234 0.02626046374143169 0.022447582174380854 0.017419352437257323 0.02227364950321615 0.021337301994442653 0.09476238163758548 0.01789358541002228 0.03650953913628553 0.02332453186044767
eval_00289 8 0.028377816138395847 0.01929591320092594 0.01575533759086795 0.05409849709595948 0.03105564117899329 0.046091693242445574 0.061026584592030295 0.11768620649428058 0.023319723267783123 0.02029469554729549 0.028904351352806577 0.07250419106019156 0.0418234420212023 0.02062203505721738 0.011925793024457749 0.008927710377333819 0.011599688525005807 0.017162030477564726 0.010964465187410108 0.023310766782750965 0.011971143339565121 0.04819418535563391 0.0945666375945489 0.014732111802542584 0.010188548805094117 0.0299109155750776 0.03460981817768639 0.020442723303025583 0.02211492786030201 0.015511866553018467 0.03301053941858709
eval_00354 13 0.03392759355899922 0.02068223884202778 0.00954232453676062 0.06129458851783619 0.02609256467676204 0.013180670043771877 0.016488014800270005 0.03267097650018743 0.021916839321172575 0.05953582189875023 0.03661077969389944 0.03974828259787017 0.21441950829599518 0.028865745379255025 0.013596869889549787 0.007048449386876118 0.010046787107151078 0.019168481773125544 0.010428310766497008 0.021242763239399047 0.020055123067481206 0.0418472628734066 0.07612986207904703 0.026875096388622687 0.022882168560288598 0.01175013275455925 0.02275484916996365 0.01686260013901766 0.013064714328662724 0.015232615119454906 0.036037964693339045
eval_00164 2 0.030079683787705643 0.10819613648196343 0.008926459493038873 0.02217143226094227 0.03363070024835905 0.02206242134915228 0.010553055733327415 0.03626365264377219 0.03277849847756377 0.02516879286006705 0.035180846602065184 0.05254074992408031 0.05431024823608396 0.04070098063005879 0.01539134273574709 0.013920979069810116 0.024419793098487953 0.013766509657316734 0.06759695706029153 0.020339879900511438 0.02477457996244059 0.0500140318904057 0.031134909360934864 0.04716680738838965 0.018341663713328526 0.017970374736523922 0.027728625146278177 0.0579995791366628 0.01919636479993787 0.014559068494002465 0.023114875120751287
eval_00098 14 0.01586383941568378 0.09032777475028876 0.02105504608881567 0.011628787910035819 0.0295110346689808 0.05098342524668764 0.012911696845891638 0.05734882873683869 0.03529688163312828 0.011266379534054962 0.03259012543701197 0.01958239308921531 0.020366044328946745 0.14689434328530618 0.033766934010242576 0.02262947671943307 0.025522063581255132 0.018670180922070054 0.028025758102286163 0.018987474982350927 0.014719267705629565 0.03786123330676667 0.01918586412944631 0.015909610642985173 0.00938874869644516 0.024557723038985794 0.02464962290568007 0.08384190621682502 0.02652260492974583 0.026047918413143686 0.014087010725822495
eval_00251 13 0.020145000062195287 0.025494778932158617 0.01291886622977646 0.02366832756698682 0.022066652043707467 0.030289115964435415 0.02161256393124662 0.03822718144341811 0.03660521320550886 0.04152848820294938 0.046886713635397745 0.03823603830735005 0.06527986637403677 0.03882383852245039 0.013134394381697802 0.011199622188893985 0.018409307309265717 0.046026069734737704 0.01818321242603982 0.03960645585207139 0.027101619609590073 0.06050928351279197 0.05245305447361607 0.03220699037174526 0.022720695183686038 0.01981709184271779 0.02544377755654129 0.06070660202464433 0.017319987378958176 0.022851383807059655 0.050527807924324694
eval_00200 18 0.008983810148622392 0.02855857905244375 0.019223219736432918 0.011166536816568129 0.028653619873589414 0.021951134556494153 0.011179364295830685 0.020447595762372074 0.0627006922377997 0.02615375948340513 0.030044501521645294 0.013437662274483436 0.03410496378243052 0.046589441914435044 0.013222503261984063 0.016136452177737355 0.027092622583707114 0.19997011794003958 0.01749219851379628 0.04220821276180251 0.020566467689343764 0.026905025995913216 0.01571935702424383 0.013605161085377205 0.012898337293488776 0.015516813442032724 0.016918620286980424 0.08149426934462989 0.025086909801843384 0.07544435783554239 0.016527691504985585
eval_00191 20 0.011745811792468914 0.016918972515742634 0.011456326687974167 0.013412328802004369 0.008785989114341303 0.021199159350299826 0.010792636718459125 0.017808119777469322 0.032371719848587596 0.038066828014838947 0.02101911670221598 0.014099079200518862 0.01561481030247709 0.038222729191624616 0.014365407470734688 0.008432733762202016 0.013382072457544848 0.03343051907442685 0.008920204466606825 0.3522957011759157 0.01382989264345624 0.07899257358087822 0.030644849509632772 0.017705822715573548 0.0214245934156555 0.01735585520579621 0.01820241919902947 0.025576394652337485 0.011577172572668748 0.03537855603698114 0.026971604041536857
eval_00254 14 0.029182805617735622 0.036390310759717534 0.014553162599580342 0.015151276735505875 0.03546507184312381 0.022453376384419552 0.01418182987241919 0.03712733641869138 0.04901388795921441 0.04425772914853798 0.03264283583678385 0.02469053432846601 0.05969817648070776 0.06899407836184636 0.01798728815361201 0.022568106444931228 0.020372616848410182 0.03401512526771735 0.017509370781787246 0.040428108360254546 0.020798178159054256 0.06237379464617136 0.029591600220668778 0.04334296114322947 0.0293409233222801 0.022277085603499284 0.021952576741447242 0.06866204119480276 0.02103328185146381 0.020943726261539897 0.023000802652381327
eval_00250 9 0.016516185235340708 0.06196111003402981 0.011277652208235378 0.01866474352950213 0.02719947962734419 0.03203451115821425 0.015508516414360626 0.04620059206799222 0.08797436491885238 0.02343336042134085 0.030463370197712676 0.038950499419757346 0.031368561908435365 0.05825695254445104 0.020319541547555803 0.013799560741610241 0.04773587119571302 0.028691684891341034 0.02574139469354126 0.0303746248981125 0.021575023959423584 0.053928012668548735 0.022785114768384667 0.028994050035620923 0.018111403598072444 0.0339934762309337 0.04259789341838721 0.043148105129148975 0.019621877919555837 0.018051979354231057 0.030720485264249805
eval_00349 13 0.015288819545614897 0.014896599609126492 0.009855981256705757 0.017741641640439117 0.030951326170202544 0.01065377098045724 0.01091433198850741 0.019066484858555065 0.030401548515573543 0.036937685001188554 0.0380935419838115 0.02576101521727711 0.3943566114489749 0.02828525262048261 0.013253773890858835 0.009566006461239469 0.012036724398136925 0.02136689802696521 0.01664316363219552 0.020828012818426056 0.018934601489115858 0.021381302502615163 0.026284297731070383 0.020181510865184746 0.02524975765026608 0.011107592028663295 0.01819156976102097 0.020597355158744862 0.015791660425458206 0.02102277210128453 0.0243583902218361
eval_00314 24 0.012567876729509243 0.025861044205885073 0.011112879684372788 0.007918697224424825 0.015234320171576528 0.017301896120344957 0.014649941243132637 0.015388634034287802 0.0529849780254869 0.05896867576723897 0.025343492573973465 0.014788996357204882 0.014174734773352618 0.07407051753373323 0.022435902183244746 0.036957301758652535 0.025104095817493597 0.023151173758737195 0.02023510627380059 0.05653848665726564 0.02124355865580436 0.021322315419069177 0.015560395027085332 0.1586319529931728 0.03178661359939193 0.01631352686414902 0.020933014804709785 0.06320988499036288 0.015186788439480568 0.0697686227026698 0.021254575610385514
eval_00274 8 0.02505770169352007 0.03010740180814504 0.013282958356643148 0.051521939381671024 0.04020655072446261 0.040739605914269665 0.063446777013173 0.07237497042884433 0.030784537980955613 0.02139875470535954 0.042929045590976454 0.054345523967870214 0.03911019070753861 0.029985243578666165 0.014087207542658834 0.009327639410889637 0.01815637586645504 0.02016773065968516 0.019297557027582176 0.025846910905876184 0.017434110098995016 0.05400995726025753 0.04684941214105736 0.01893333448561979 0.012920103016803793 0.035321406015760407 0.030581117609021522 0.03242648335985539 0.028594663560003425 0.01705418787356002 0.043700601313823674
eval_00026 13 0.020010250914423433 0.02187931242526416 0.010606383960319177 0.02187891934974047 0.018526221581297075 0.009727020274988264 0.013223048156367557 0.021868284412711478 0.025732731370589755 0.03900615240049476 0.039195367839171324 0.037160711148631065 0.33450287086021985 0.025709359953115078 0.017231475355990105 0.012928766341404977 0.012158804919632595 0.01708608378031259 0.02014911693496643 0.023268392085608786 0.030524537945412242 0.02960012351111018 0.04160048429439116 0.029614959178616725 0.02363742336304938 0.008779098912720119 0.01626886354887347 0.027128660635147052 0.012512820132329081 0.01767903073251787 0.02080472368058363
eval_00114 17 0.00906622552845993 0.0884017747723678 0.008813771992935347 0.010910965531625419 0.03800024158331834 0.026786292842398886 0.007970869239086527 0.030864448670996806 0.0728403900367678 0.012991795557085455 0.02073359433995162 0.014506481698519947 0.020736932663677696 0.05839355957402653 0.048738866065450456 0.024078203181055042 0.16716311264289535 0.012521456116215315 0.0543407889643219 0.023960936059456806 0.020041428812515662 0.026757800785840002 0.014608250076789219 0.030754035345751815 0.012560517310702702 0.01734612850398781 0.030708402555931325 0.03450118157966666 0.02052038367514182 0.020896125303411506 0.019485038989647655
eval_00077 8 0.018250326764154137 0.03824974641507769 0.014079246395201101 0.013631019112108102 0.026628402717801786 0.03797795747488068 0.009714296995572028 0.07355232910200508 0.02823002236065885 0.061547815887221795 0.0474916563306488 0.022455832539897812 0.04917331266766977 0.060052273456796625 0.025781963873689227 0.027388870858572424 0.024209957313063187 0.025349397196581018 0.02851273011844679 0.03068699668306335 0.016890458225144768 0.03562047243663634 0.03562412388701107 0.024632994586990784 0.02161042583708803 0.023704450099343303 0.030816737675677445 0.06186204877386571 0.011339178637430124 0.03652749213900484 0.03840746343869794
eval_00350 28 0.011256777424301723 0.046080708946697795 0.012787844572710797 0.015776282538940353 0.026378921424319655 0.043325285533891034 0.014748733481705833 0.05672445355651749 0.04577883905892328 0.024491683386022006 0.05637744110952509 0.03125038800979548 0.054705673758652734 0.03784039707300324 0.012718780072215522 0.012321215835839512 0.025158468290916704 0.0666745327230066 0.020629549722338086 0.034678178291182464 0.016063918127035025 0.04901728193034904 0.02740117006094845 0.02270417728179137 0.012542921240784821 0.029815027497096757 0.024708529006579452 0.09292745166818879 0.018847114193715323 0.019455792960106317 0.03681246122290011
eval_00297 6 0.012751512536367547 0.05602345775180285 0.014213851913421793 0.012469431284187933 0.019137450560774694 0.26182075949670175 0.01131978543770944 0.04299926023761259 0.0380968681623043 0.01152710639229503 0.024977399393377987 0.030813443381236014 0.020829474352830557 0.03934661131855805 0.01636720969780079 0.016963036143672783 0.016544794937876306 0.026305922763771177 0.014745708080958524 0.018316784565958207 0.009107860690622561 0.025431856523319443 0.03047564859172562 0.013132695705238348 0.010525653366966427 0.036387759525641473 0.04327685133162147 0.056109207050647605 0.02181084485623537 0.023316127928713053 0.024855626020049752
eval_00071 13 0.018758519600445167 0.029107017832192418 0.015033141380491322 0.051597411392697995 0.023172264946605046 0.04700331891960448 0.02779112015677807 0.06489313789563374 0.030287994797488928 0.025111653358308908 0.04315372402503278 0.055159628394867925 0.07827283666613467 0.033049632238453225 0.02460377134052696 0.013772937481090323 0.01671100612431212 0.01948829580010735 0.016181006198076525 0.029468004136868564 0.02011444374598565 0.0386504999364323 0.07365398433010274 0.01716499764918087 0.020138702112419353 0.023582862247204853 0.027739759609572607 0.0343529063684994 0.021419270615088793 0.020072316889452817 0.040493833810343965
eval_00093 6 0.01832571988758756 0.03825193725774967 0.04734241675178344 0.01984325553233751 0.02572010145103073 0.09330990358428101 0.024054222420234014 0.09231203932027791 0.025940197293048622 0.020839181463961125 0.058127138008134134 0.032035413551329224 0.0265469107814782 0.04631737265127143 0.019581266128922598 0.012460326633381967 0.012262246181601422 0.02995091391179221 0.012463555625203687 0.026425199497368674 0.013517049908737784 0.03494286449785349 0.03675313514398114 0.013550994160440678 0.010583236287080314 0.027459915812884206 0.0287069026715637 0.05254095125390779 0.02340066790522188 0.03129869335198438 0.04513627107356832
eval_00100 14 0.015599563339573623 0.028344956080632495 0.015413797542782527 0.01150612787362655 0.017952331685471078 0.023936681918734118 0.012681318336054574 0.020773865313680636 0.03949461798959195 0.03375987789190603 0.031705034185398 0.01662090758585325 0.02061664411742656 0.33967517041577666 0.018145223355736907 0.019886123714692065 0.01719731046047779 0.01576447261223524 0.019345027370758286 0.04061028511379442 0.013498148590090919 0.036921260774194525 0.021683213389369817 0.02721955854902445 0.03936520969969996 0.013989164869989952 0.015506865872770248 0.025799900889262928 0.010154204038504712 0.02084787271020681 0.01598526371268282
eval_00025 26 0.028580885450414505 0.048992734413548296 0.012849582617502978 0.02457843788499957 0.03917572096774843 0.054757312207575896 0.011115829900207467 0.04633149407737949 0.04716745192694014 0.018544642111423832 0.025028950112373268 0.037394450101664214 0.04867565776020895 0.028865335241695718 0.03407477266704876 0.018497017897863708 0.04886230330204879 0.013846907452628766 0.023577917072203847 0.02494444584966167 0.017354162243713663 0.0291976864274095 0.02929510960820626 0.02262029782128759 0.011933297002328005 0.06520335120510437 0.04717730703100943 0.05141467669458982 0.03184968637300973 0.02459257579465802 0.033500000783544426
eval_00108 28 0.015026473387081544 0.0667141189033455 0.009562173327979819 0.014259318748191734 0.07293241228200635 0.03367240565563117 0.013129227758112656 0.03274499759369699 0.05283024063651344 0.021111107030920864 0.0363851188498721 0.024004284587309275 0.03311570604150351 0.04994517004480556 0.028016423540212162 0.014844895271886127 0.05225472383144923 0.024436829019437556 0.017530836983359614 0.022613371560126275 0.025925743648053248 0.03890961862836609 0.02534887728915927 0.0196655764128665 0.017881630388579924 0.03766873862243483 0.0343097111509106 0.07819808928341494 0.030979612957247986 0.025415432413944474 0.03056713415157994
eval_00008 21 0.011883752225436002 0.041961933626573716 0.011541312335829801 0.026938008957990547 0.02921314434852826 0.024761167855413886 0.015870531239632144 0.030893914129046376 0.0356906984063516 0.034312402957522095 0.021106762257700758 0.01771986091418336 0.024863819075340545 0.05729409199188312 0.025861689810222514 0.01471726170302233 0.045582763405068186 0.01713267998877738 0.027676691412543225 0.05708466058281765 0.12027315464524582 0.04029763311326596 0.029846200327532334 0.029354209638199805 0.022815737639941363 0.01602503103996784 0.025354722109746323 0.03947915176922048 0.032194710240862456 0.03521475658875266 0.03703754566338196
eval_00309 8 0.014297952679088996 0.01781396801088685 0.014438310326422833 0.01655611074850021 0.058573940587601736 0.02583202202494201 0.013752438172292075 0.375258717032032 0.029091344886530788 0.024788647097567593 0.013737976723210935 0.01920623211863145 0.04012011049616252 0.03719853057787843 0.010242350779982406 0.01162663752786429 0.013017033271196245 0.01823447560350375 0.01694432321194082 0.01865311161112072 0.009233095069847536 0.017834300470978396 0.02942116113522613 0.015689425901552572 0.012119215819984408 0.01716339232356763 0.02453143168726812 0.027525350495576143 0.015148254512909666 0.022834423233049548 0.019115715862682996
eval_00235 28 0.023411180912330312 0.042002120907719515 0.01779789071022204 0.021490329191911753 0.026412239789920727 0.032583537136991254 0.013814298245261071 0.05786424722452909 0.028050209789416115 0.02189003248209561 0.02813776021809257 0.024705604138371813 0.028375655633792893 0.060219394073444524 0.017823416709781735 0.024045793922237466 0.035740066556583905 0.027018008678013145 0.019798812472559248 0.0403261451812789 0.01906361071750317 0.0763404038787717 0.030375919172848133 0.028889354229792334 0.010831908839324144 0.025200490631827385 0.03909220530764974 0.0889334205001747 0.039964471895679796 0.027459849229844464 0.022341621622029555
eval_00063 28 0.01525947386118197 0.03359847895381914 0.0184962079092376 0.014639622478717022 0.02241203297126592 0.046892037523023455 0.014233805750121925 0.03580264437023525 0.04118445332834459 0.039805976431554126 0.03407099153600975 0.03892684390936283 0.0329635413785082 0.06624791138159963 0.02617621786214507 0.014569923838547773 0.0273454576811461 0.033195363784032796 0.018477200534591308 0.04749608794444857 0.025153057591679004 0.04150454641420065 0.03204469938135662 0.02290503732591468 0.02407513622837485 0.029129100743255653 0.021378634035087978 0.07340980260902798 0.021184611371430653 0.03810540665845174 0.04931569421332714
eval_00138 20 0.014437015761970484 0.04762627069986454 0.008849546615606755 0.012742184155596251 0.01748468322457542 0.018763302601412624 0.01187173733914358 0.022004274313830154 0.05366625588104662 0.04174100812458207 0.026713746238380354 0.015804873156634754 0.02475345700422917 0.10620753861238033 0.016259490055258934 0.013987880798191198 0.022939562339346468 0.0329355035303998 0.010611897300885156 0.16410297249131142 0.023351604000186873 0.051393034812959364 0.02043421815653729 0.04748982137763084 0.04831269586713844 0.011481052576973625 0.018424218138127654 0.02348879242871974 0.015355267440393953 0.029481981866035786 0.02728411309065109
eval_00060 10 0.01450053888918382 0.04071857836486391 0.009027563375398426 0.025086353621010214 0.021441769830180837 0.011897432459828994 0.011874062870361095 0.028740769440836103 0.0282781276271154 0.3212562257166087 0.04519585458100383 0.02090006012762041 0.046161303009199704 0.025599510389589394 0.022149844241454785 0.011481278200362216 0.011333415860924574 0.013181260611348564 0.01312669696740084 0.019995917757352304 0.01907168003260912 0.03641531111836878 0.044510795365287 0.02880723766793845 0.015276563441901685 0.010494566098506542 0.02432058179981491 0.02504396210268958 0.010964970674148538 0.018435684419331806 0.024712083337759407
eval_00075 28 0.0126324629078029 0.08414587947030872 0.007457615177290958 0.01063387298065124 0.020677088469813212 0.0251352955564054 0.00765802409364422 0.04157037047599295 0.030526823244766337 0.014560467822952686 0.03367612218510672 0.01615483278483273 0.01758858001197948 0.047374046517586296 0.01612984665055319 0.01866520839124173 0.030124600657298203 0.015869228247181715 0.03463338464695405 0.013818083257915604 0.013448019745552637 0.025834860924759635 0.01700965425525122 0.016223093863190007 0.01015993204324315 0.03242925768589913 0.025385435533826734 0.2920365601335935 0.02054507773470995 0.02949795664933642 0.018398317880360025
eval_00341 15 0.0244061645860215 0.0338505305165911 0.027338286354833555 0.01745080174332845 0.024468786909997577 0.05520718576535792 0.012944334401455638 0.06632834545988528 0.02570335063379741 0.029735325408253112 0.02742040182181374 0.04426250583427297 0.07211030708972022 0.026197069715347503 0.08585745975210941 0.01966177335747243 0.031048886541674946 0.020778980699451992 0.015952855974436048 0.030565015221729424 0.023182713821597964 0.036603042360961985 0.04228036764706611 0.01958264160055372 0.013965261035503693 0.0211310782446266 0.026841717831080934 0.05495588959574924 0.018299472394766356 0.02614925454128802 0.02572019313925472
eval_00280 5 0.019143653765082504 0.033146549523464845 0.008485476849048402 0.018400603598626646 0.20668469236885223 0.022138920153794726 0.01089870053936226 0.04279979507685095 0.030684459137686967 0.018927384661082666 0.03908566272044689 0.022031009475517914 0.029412100949317847 0.0288527538584898 0.016240233132059294 0.014615268416999862 0.019710166538732306 0.013519104535071609 0.044155280422235564 0.012309946759298432 0.023838604462761804 0.030991690774428333 0.022937348127442945 0.020220274920892487 0.011530429334924555 0.024909491369753855 0.032698876601521196 0.10351533790795943 0.034848933381004914 0.020818367155141758 0.022448883482147217
eval_00342 28 0.013157954169515675 0.10221855549523634 0.010924759458654867 0.012161479176385003 0.03216359124770657 0.03345389037556653 0.010843901142928422 0.06567023838178054 0.05003514614068842 0.021927440205471483 0.027385764302249302 0.02348462029191027 0.023879562919913604 0.08129824251292309 0.0186200251887986 0.01684984316285435 0.02973806554909684 0.020924297161549563 0.03157169705640942 0.020968410521992137 0.015925878302334422 0.03425139975792824 0.022433014549367417 0.03052166352825627 0.01480637939902621 0.02168663010885742 0.027296442127802877 0.12348476765580692 0.014570796574068746 0.022018422817087664 0.02572712071783264
eval_00058 14 0.018308240377165084 0.029125579669696516 0.018786396060762107 0.015591625810158046 0.03067126702466073 0.028084452496639743 0.010996639120261059 0.04466381046796985 0.03362699347753797 0.030137029186221947 0.02899086912205942 0.011094690093496819 0.02251496607759037 0.19086624832221666 0.028836659572952346 0.019810870401148557 0.022669321386937676 0.018804152284854894 0.023539075517381033 0.032045743707046756 0.016486907061509855 0.03559972846483691 0.02162975595863251 0.01580293602667975 0.013648319167100022 0.02680336551214664 0.02217359990973073 0.11217479450801851 0.019895964581160018 0.03626051213464483 0.020359486498782785
eval_00096 10 0.010296672517092572 0.02642326863881819 0.011318486687940247 0.018326329383856862 0.016321962107649815 0.014560475007363995 0.02921812430121358 0.022793907569106743 0.035892939027224936 0.22321381295104342 0.047166617090922534 0.023509684130501963 0.03630552731277613 0.03594133898308248 0.021628381596857836 0.010027951774854669 0.010187766514315673 0.021132271274947382 0.012242511246978645 0.05070578286851358 0.012072773531508797 0.04731098902112223 0.0494853964474639 0.034863845798771394 0.031060386721546204 0.01165599560642036 0.01717007015706872 0.054920081136189076 0.011394502945293603 0.019685334963205584 0.033166812686348704
eval_00069 26 0.010595007113233504 0.037215834175838375 0.014194120270361555 0.009503913733415519 0.04607448358439667 0.07290548154568631 0.010590742023977903 0.028452882647322444 0.031811032468907686 0.01889833204476345 0.024968601212845495 0.017554990257238418 0.011670769574184635 0.03704277579620089 0.024524229293439455 0.023465165377485213 0.026404255523241098 0.011861030352839263 0.017579837465824918 0.027174724312121215 0.009608603816894939 0.02110377618132635 0.03525552604931573 0.010469783923788141 0.009826905279316126 0.13568816136198938 0.07147133689770908 0.09122379545811024 0.02962770065789165 0.04444697909489239 0.038789222505441215
eval_00120 17 0.010713086325924907 0.10523844048240473 0.007583189707566405 0.01123273123360686 0.028225741050723157 0.030703669700261314 0.009045215850740473 0.01846053404732887 0.08284603361210774 0.01595649041659405 0.039219549107531254 0.016440395442759402 0.018745247125198466 0.07827389365720964 0.03237996311180566 0.012167613854327833 0.126626019079109 0.03372058179229536 0.029399289789826435 0.02604727428416795 0.027770576596903206 0.0385812496161365 0.01533442147287546 0.018477330490261658 0.027026425582739055 0.01515086285335772 0.026144675888270016 0.03596400261274557 0.02324081287675209 0.020695209464112733 0.01858947287435603
eval_00210 28 0.013179719299917125 0.03015029354171178 0.012326153370373986 0.020310238059248354 0.039513044204659 0.030016953324343114 0.017123625752842205 0.03520075379449512 0.04254220424963452 0.029218498738849043 0.05425000597817388 0.029359740218954107 0.05308440370966093 0.038156338570032776 0.02211590796530567 0.014270964876146036 0.02931814762053402 0.039420943058843194 0.015262133582947226 0.03208615946210452 0.025630626246973855 0.05120713237334972 0.038921289676252836 0.02306370856804448 0.023055438433993446 0.03083169515018786 0.030776879802429873 0.07165803500461593 0.023852701055844867 0.04344133262017795 0.040654931689352615
eval_00113 31 0.013314758982376926 0.04041420098758159 0.01046066127148087 0.018370334626071405 0.04273273929975046 0.03853561103971835 0.011731532781156314 0.04450980376163256 0.03498678700336858 0.017278275020239684 0.03370402936082862 0.03223170839792238 0.020874340518333798 0.04627929799483031 0.01469127645701013 0.00854087638409893 0.013283680014612475 0.012175519855490423 0.023136090710143102 0.028052875311414063 0.014166517647014114 0.029461766690480826 0.028012203276262294 0.014081623277280832 0.012859579516978196 0.019596138111620448 0.030612838497972285 0.05616679140673908 0.031390276705740676 0.0242725100825877 0.2340753550092633
eval_00079 28 0.02067750582528478 0.036423275167502815 0.014208182406831879 0.016171603619564733 0.025313766594877416 0.052409474304421805 0.01121321576109566 0.07196356191469334 0.03258498051395009 0.021994598417746234 0.07717606678545068 0.026293742460678924 0.04063676187168114 0.04236617542176665 0.018000174800780262 0.018748657382905792 0.02631789264694851 0.018909651185861062 0.03765107450453583 0.0228688722545103 0.017344124928509962 0.044977528313255494 0.02478535211163338 0.01870584418866505 0.015062424191995247 0.033583870967299 0.02831578090647648 0.10753534218945378 0.01507420901422269 0.03639279495713637 0.0262934943902648
eval_00184 16 0.01109234424230971 0.05781281190101194 0.0218632734213619 0.011500461414821495 0.018831138627336062 0.019478717005257308 0.011459342530113445 0.020787635674657228 0.02701176536005586 0.03853486887689831 0.020120778562647556 0.011401921887968578 0.029777543715999975 0.058180775818716474 0.03277268307896384 0.21710747450150808 0.03228448918683688 0.015683106310863115 0.0225931921546316 0.02431751066480205 0.028857623820786157 0.0211244915891442 0.017666275130777502 0.017941774642268565 0.01715403683225673 0.015574353785204135 0.02331344861182503 0.05535148575567341 0.02697035942335174 0.060965851551973406 0.012468463919977791
eval_00118 14 0.02451625991263522 0.046663603297303693 0.02055748180798366 0.014814989098743408 0.060596143887337035 0.02985748320470468 0.01267774425119601 0.035661438516288946 0.03577586788039289 0.026153949884431434 0.035912415067493625 0.02263866881612537 0.053082632727648134 0.07729682871675035 0.014940020701324068 0.023750612700008375 0.028483125647437674 0.043055033185026834 0.020325282830367986 0.03927319162810093 0.020001307405360776 0.045624633715326726 0.02509393028243294 0.03829763575430829 0.022271586592912732 0.02311871619444124 0.023728205966940766 0.056262212839449925 0.035625458417475206 0.021351162270740156 0.02259237679931063
eval_00288 29 0.015493341719435475 0.04085295659478369 0.013301136310661632 0.02604483396987336 0.03493578523410515 0.0747746293319876 0.015022469472710858 0.028733709105807838 0.024859550279187802 0.013091421793661627 0.03223911165063426 0.028567949753914634 0.016010164111894494 0.03382099812135919 0.019165855639022455 0.010321314820796164 0.014335828422403909 0.018395111478311046 0.010468467245961278 0.023953955613765354 0.01631664097831329 0.02981306666972401 0.035635111736963127 0.013148264914904626 0.012641131738413258 0.023408286691933147 0.03783100816508789 0.044690219248141656 0.20387384227007124 0.03445687055334643 0.05379696636282436
eval_00206 10 0.01033669837724504 0.03708639474597474 0.011969731388922458 0.01619821171733557 0.019108721544607913 0.01173708015443209 0.013479830241512123 0.027626069359505803 0.04999027467828096 0.09712147399010532 0.04235890334363514 0.019014509223196065 0.09103609719187351 0.05697152846177098 0.010814936233845846 0.016415801041823608 0.015389648018012816 0.03572872453381352 0.02355193389632683 0.03869603703092795 0.018657486636926825 0.029175136846805907 0.039079660667150955 0.0458673994463745 0.05530406473588654 0.01053427717582127 0.01903271535821586 0.06300712042723153 0.017022534514629168 0.03353600139082624 0.02415099762698355
eval_00146 14 0.01603623858669608 0.03581351445606676 0.019094346469342206 0.020357939758506395 0.030053393363802628 0.03689006691329326 0.057329299100179545 0.042796105339848844 0.046954398780191677 0.03705884025261209 0.03132005969955761 0.029495788818887817 0.043037669008761346 0.09483685835344277 0.01434839572910558 0.014765388540780152 0.015556455604523615 0.02205175936030382 0.017599538430554607 0.05133211430498016 0.012808732777029645 0.025626715346481248 0.05907976210043146 0.024572508004395983 0.029383279086083826 0.02610244600319601 0.02376195202997259 0.03963132237222014 0.022610160432946783 0.028420697283563834 0.031274253692242
eval_00048 9 0.015719834577050236 0.04047493118449569 0.020844545444752945 0.02162275801756117 0.028329441755152902 0.0288875352744406 0.017144758375884823 0.027149653151810605 0.07282351796352098 0.049969502412971656 0.03989866692989036 0.040332002644841596 0.05868510312462479 0.05828388522458432 0.05713722992043024 0.013250980399439486 0.024286510357077854 0.027191217303882985 0.022554168732426577 0.03105194643027953 0.019487501552835757 0.04748765230457807 0.05330174771312216 0.023812777185389586 0.02212212240055568 0.012598608102679418 0.019286145918944234 0.037407891234460006 0.016963205028872524 0.024498641472112514 0.027395517861330886
eval_00346 5 0.015272408787307753 0.056438588495569535 0.009011978908338302 0.014520642611581605 0.34397760439794894 0.0227421662379561 0.008119754040480903 0.018959080321947392 0.023875240063094775 0.014372061861113837 0.018542090786692642 0.015945097231539872 0.02329503985949258 0.02794475622766522 0.023852102566038102 0.013198661577862914 0.04530852975224068 0.008474930394086993 0.029445431802623864 0.013439020989140772 0.020600169876186684 0.01225844518226516 0.014934066664731157 0.011850840896037091 0.009267254500029123 0.01928516208772898 0.0433704727686174 0.04626941829761407 0.033703454377041864 0.02335986484254323 0.01836566359448212
eval_00168 28 0.01682181683475002 0.03246142129663128 0.02059304301990543 0.02093043907549283 0.025251215520815048 0.030537573064909205 0.019197117616924456 0.02542628862385426 0.04138179975833241 0.043173863255054075 0.03163596343360842 0.042491125703417794 0.04746409213899928 0.05390824535113175 0.019206616900921177 0.017251253626782426 0.04043269179439881 0.034707295148373424 0.020970152073445252 0.05988649229406126 0.028941413805369277 0.04435153101287439 0.033314712540260846 0.02390495663060019 0.02189733123193762 0.023486303727728662 0.023772236114120975 0.07309831775746084 0.023773368650091813 0.029137778459303515 0.030593543538442118
eval_00322 18 0.013287065243600385 0.033390107539277125 0.014378391474311835 0.01402744159797887 0.01832277641929271 0.023870380156775655 0.013590162113951086 0.030621453044728273 0.06041316246116884 0.04608775957600215 0.027411426828600934 0.020766392603726216 0.02874273153673623 0.07198279894947034 0.017323926261656408 0.009832326732017227 0.015964241132684322 0.19873697565575296 0.010332439216906894 0.04463021811392107 0.013392132305291014 0.04137783339232332 0.03299372771901794 0.02940275941791103 0.045632552396499396 0.020485002911164056 0.01914962876199843 0.0247783887296068 0.010577244223875442 0.019690102073733968 0.028808451410018938
eval_00076 31 0.01563316330152701 0.024224040597080804 0.011240080567829684 0.012920062617928918 0.03785783141030843 0.02381595243890678 0.011807322922607541 0.0355084995585609 0.030917542865745315 0.032069360774003644 0.02616847203296071 0.01962367091025562 0.018078973135916332 0.035201465801911504 0.019763068225013836 0.008634480713835518 0.0156543309966943 0.020005576951754048 0.014829795041635853 0.026969616825273816 0.012386782364101775 0.0247490714811668 0.019766039378973723 0.015447911057279226 0.018897450969230137 0.017853493396622986 0.024417382185752616 0.044813630048699184 0.02448590040960306 0.03202931966851258 0.32422971135030637
eval_00112 4 0.016428319989528244 0.021071674327381038 0.0074243768038610896 0.36550866280526073 0.02235151564049289 0.016174598165017855 0.017238694845894385 0.03191096019115701 0.01930397287175968 0.02209831550344186 0.028916868806680443 0.034955170499816626 0.03807612260820548 0.017331392551061267 0.011779778558808343 0.009663396777889972 0.010849493222456137 0.009386657209168191 0.010454275568989943 0.014824748894738851 0.01527092004055725 0.01889035320653895 0.04574532673359857 0.017093719787612403 0.012899070143916402 0.015659989234521096 0.05433915707483142 0.016058098637945446 0.022613282395773354 0.017549822317198722 0.03813126458589531
eval_00064 22 0.022071200638791595 0.025558183463761815 0.013745301952658953 0.019017078862688462 0.019484260167581605 0.025926848772455796 0.021870034579604077 0.04728082731988406 0.037302663681400824 0.03520004365642341 0.04588198289290382 0.036528392314884695 0.03632108353653704 0.046405508599556375 0.019114251021411025 0.012743291102231467 0.019485526066997137 0.03303135993003852 0.015998806972623035 0.044080035045768844 0.03616190782619283 0.0865178280353837 0.049762890797528554 0.027932700315442753 0.034126651860071446 0.021838451720292137 0.021491902906557645 0.048475860556102354 0.014664121129329001 0.026268875144216653 0.05571212913067929
eval_00055 28 0.017052546624187395 0.044825024592406816 0.010970248725387072 0.011753655118786399 0.028883826365848856 0.03097185677425834 0.009479859041766408 0.035135519804844924 0.057684732427002984 0.05236926521508125 0.04728242624908883 0.021927898127497212 0.03075310098312288 0.08027863547498636 0.017035105280457267 0.023494511186082305 0.026714536004223906 0.026638897167813542 0.06051549366253288 0.031757713705848574 0.02028505549846793 0.030017767502125457 0.015325511704128316 0.03337365287186188 0.020102342121551237 0.018644486252127983 0.02491954206543287 0.10027612876783959 0.015971506094720957 0.02880336007284488 0.02675579451767473
eval_00087 14 0.009058863638092692 0.03458129836289105 0.011020465140790471 0.008212016260922234 0.02635528851174424 0.01402778791250617 0.009198883569599237 0.01614558133286633 0.06232865644342739 0.0295578671515185 0.018544094465193565 0.011328686948045518 0.019495199910871248 0.32424969680800125 0.012767067519507545 0.018371625235512244 0.04530481642910304 0.022494221344329927 0.02069965093053617 0.03388600804621522 0.0228888941299834 0.016801572505010187 0.012582172458383193 0.023423930472480023 0.025086051137275543 0.010293062879257115 0.01723974889446461 0.0473185556889392 0.023176908687763387 0.038506237355782756 0.015055089828985815
eval_00305 23 0.01035301944754977 0.013941770669606085 0.01852342414032254 0.03272494050132838 0.015434873400602336 0.023459728782091276 0.03405946227928127 0.04686980770160265 0.018405289273271203 0.0340341977579461 0.02478901268137719 0.022678422279497627 0.027468786714651285 0.021285851569617306 0.012567146984595672 0.006092555002373541 0.007860460975699897 0.016342108583078854 0.0062728878598625 0.02540485724841792 0.009435498427083558 0.03695649167080714 0.3995927399747586 0.012510517752733931 0.02009383433692282 0.01835795632798409 0.019982356872599742 0.013699456726862246 0.00994570990464953 0.013024162934009011 0.027832671218817263
eval_00119 30 0.014789753992169315 0.06345351400166578 0.01695277838521007 0.015707459350492958 0.03107663697645955 0.027020653645991863 0.013309097530551171 0.01947292349541508 0.046720492285900535 0.01884885699726289 0.01990663098302176 0.017602396054629394 0.038868449943162645 0.049246389316698384 0.01984211343926119 0.03759302293874206 0.05845951135089547 0.02163643305386226 0.02629560602161733 0.036393443812728604 0.02592003042883192 0.022889788420738105 0.021896338900638704 0.018408575947735588 0.014989029618549898 0.0178185744730401 0.024223981364473405 0.09017791443352068 0.03468697226492189 0.11797038195882703 0.017822248612984655
eval_00148 28 0.01851406856032756 0.03686483336297697 0.05741776450042491 0.018193040435263378 0.03720754488200448 0.06676743454976018 0.021956850274528976 0.04522253067878841 0.02421272475594979 0.026541295805127766 0.03762207778372573 0.027408911943298624 0.037045785332903945 0.0557120218855622 0.021584564674047242 0.021244080994796098 0.022636745944305262 0.029663395808451072 0.013419090438613168 0.037076662752233806 0.01509460639047239 0.029309868794646445 0.035897099000818236 0.01198290367140293 0.012091701541529352 0.03520426388711572 0.027489889788579448 0.07809079787581383 0.030325840352555273 0.036580872180224086 0.03162073115375368
